ID ROW	No.Cluster
2	0
3	4
12	0
16	4
26	6
29	6
32	6
34	19
38	19
39	4
49	6
56	6
62	19
65	4
66	6
69	19
75	4
76	19
92	19
94	6
112	0
126	6
134	15
143	15
145	6
156	4
157	19
158	6
159	6
164	15
170	8
172	4
191	4
193	8
207	15
209	8
212	6
215	6
225	0
226	6
228	15
240	6
240	6
243	8
245	15
249	6
252	6
253	6
258	6
259	15
262	6
264	15
272	4
275	6
278	6
285	6
286	8
290	8
291	8
297	6
303	15
304	6
309	15
320	6
327	15
339	7
342	15
349	6
352	7
354	15
363	15
367	6
368	6
369	6
370	6
371	6
372	6
373	19
377	6
378	8
397	6
398	19
401	15
402	8
403	15
410	15
411	13
420	8
426	6
434	4
437	15
438	11
465	15
466	15
470	8
472	7
475	8
476	8
477	15
481	7
483	8
484	8
487	7
491	8
524	0
526	6
529	7
532	15
533	15
534	6
545	15
553	4
559	7
562	19
570	15
578	15
579	7
581	19
584	15
591	15
593	8
596	7
603	7
606	7
619	15
621	7
630	11
632	7
635	7
639	15
640	4
643	15
644	19
647	15
648	15
650	11
659	4
664	15
676	8
689	15
691	15
696	11
697	15
700	7
709	11
721	7
736	7
738	15
742	15
746	19
747	8
755	11
764	19
765	15
766	15
769	13
770	7
790	7
796	15
797	13
809	13
814	7
815	7
818	7
819	11
834	11
842	13
844	8
846	15
849	11
850	7
855	7
874	8
877	15
878	7
882	15
886	11
887	19
891	13
897	19
899	7
903	4
904	7
913	19
925	11
934	7
936	11
937	15
938	15
944	13
946	7
952	15
960	15
963	11
965	7
975	19
976	15
978	8
979	7
981	15
988	15
992	13
1009	15
1011	11
1015	7
1021	8
1033	7
1034	13
1037	11
1038	15
1043	13
1046	11
1048	15
1049	7
1050	19
1052	15
1055	11
1057	8
1098	15
1100	7
1109	13
1115	13
1121	15
1123	7
1130	7
1132	15
1133	13
1137	15
1139	13
1141	15
1145	15
1147	7
1149	7
1155	7
1156	7
1159	7
1161	8
1162	7
1168	13
1179	15
1180	7
1182	7
1184	13
1190	7
1192	7
1194	8
1199	7
1204	7
1205	7
1214	7
1220	13
1221	7
1222	13
1225	7
1226	13
1231	7
1232	8
1234	15
1237	11
1243	15
1316	13
1320	13
1321	11
1322	13
1323	15
1332	11
1333	15
1343	15
1344	15
1359	15
1361	8
1362	13
1366	8
1368	7
1371	11
1372	11
1397	11
1404	11
1413	13
1427	8
1429	7
1432	15
1435	15
1436	7
1437	7
1441	11
1455	8
1457	13
1459	7
1461	7
1464	11
1465	8
1467	15
1469	19
1471	4
1475	11
1477	7
1478	15
1479	13
1487	0
1490	15
1493	15
1496	15
1498	13
1499	13
1504	13
1506	13
1508	13
1514	7
1518	7
1520	15
1522	13
1523	4
1527	15
1530	7
1538	0
1541	7
1547	13
1555	15
1558	15
1562	13
1566	11
1573	13
1575	11
1576	7
1584	7
1585	15
1587	15
1591	11
1592	13
1595	7
1597	7
1599	7
1601	13
1604	8
1605	15
1606	15
1611	8
1612	13
1616	15
1619	11
1621	15
1623	11
1625	15
1631	0
1632	11
1635	13
1637	13
1643	11
1647	15
1653	11
1659	11
1664	7
1667	11
1669	13
1670	12
1673	8
1675	11
1676	15
1677	13
1678	4
1686	4
1689	11
1693	7
1696	13
1703	7
1705	15
1711	15
1717	11
1722	7
1741	11
1742	8
1747	15
1752	13
1756	11
1757	11
1758	7
1761	11
1763	11
1768	11
1770	15
1775	13
1776	13
1778	13
1780	7
1781	11
1790	13
1791	11
1792	13
1794	13
1795	11
1798	11
1803	15
1815	13
1818	4
1820	13
1822	13
1824	13
1826	15
1841	11
1843	7
1847	11
1847	8
1854	4
1856	11
1858	13
1859	13
1860	13
1860	11
1867	7
1872	13
1874	11
1876	8
1877	13
1879	11
1885	13
1887	13
1888	12
1889	7
1891	11
1892	13
1893	15
1897	15
1900	8
1902	13
1904	8
1908	11
1926	11
1927	8
1930	15
1934	15
1942	15
1947	13
1948	11
1954	15
1955	11
1956	11
1960	11
1962	11
1968	15
1973	13
1975	11
1976	7
1979	11
1981	11
1987	15
1993	13
1994	8
1997	11
2000	13
2001	13
2002	11
2029	7
2031	13
2037	11
2038	18
2040	15
2044	11
2053	11
2056	13
2062	15
2064	8
2066	11
2068	13
2069	11
2071	13
2075	0
2076	11
2077	13
2079	13
2084	13
2086	15
2088	7
2090	11
2093	11
2103	11
2106	13
2107	11
2108	11
2109	13
2111	13
2115	13
2119	11
2120	11
2123	11
2125	8
2126	13
2127	13
2128	11
2130	11
2131	13
2134	13
2135	11
2137	11
2140	11
2142	13
2144	13
2146	13
2147	11
2149	13
2150	11
2151	15
2152	15
2159	13
2160	13
2162	15
2164	13
2165	8
2172	13
2174	13
2175	13
2176	15
2178	13
2179	15
2182	15
2186	11
2188	11
2194	11
2201	8
2210	11
2215	15
2216	15
2217	11
2218	13
2219	15
2220	7
2224	15
2225	13
2227	13
2230	13
2233	11
2236	8
2239	8
2240	15
2242	11
2247	11
2253	13
2256	13
2257	13
2261	4
2265	13
2272	15
2275	8
2279	15
2288	15
2292	11
2293	13
2297	13
2301	8
2304	13
2310	7
2315	7
2316	13
2320	11
2322	11
2323	15
2327	8
2328	15
2329	13
2332	13
2337	15
2340	13
2344	13
2351	15
2354	15
2357	8
2361	15
2362	11
2364	11
2366	8
2367	11
2370	13
2372	11
2375	11
2376	15
2377	13
2379	11
2380	7
2384	11
2385	7
2387	7
2388	13
2393	15
2397	13
2402	13
2403	8
2404	13
2405	15
2409	13
2412	11
2419	13
2422	11
2425	13
2426	8
2431	11
2432	9
2435	13
2437	11
2439	7
2440	13
2446	13
2447	11
2449	11
2456	13
2457	11
2459	7
2463	11
2464	13
2470	11
2474	13
2475	15
2479	13
2480	13
2482	13
2483	13
2484	13
2487	7
2490	11
2491	11
2492	7
2500	13
2501	11
2503	13
2505	13
2506	13
2509	13
2510	15
2514	13
2521	11
2525	15
2527	13
2530	11
2532	13
2533	15
2539	8
2540	15
2543	13
2545	7
2546	15
2550	13
2551	11
2553	7
2555	11
2557	13
2560	13
2562	15
2563	13
2564	7
2567	13
2570	7
2572	13
2574	11
2575	13
2577	13
2579	13
2584	15
2590	13
2594	8
2595	13
2596	13
2597	13
2602	11
2605	9
2607	11
2611	8
2612	11
2613	8
2615	13
2617	11
2622	13
2625	15
2630	13
2634	13
2638	13
2640	13
2644	11
2654	4
2657	15
2659	13
2660	11
2663	13
2664	13
2665	13
2667	13
2669	13
2677	13
2682	11
2683	7
2684	7
2689	7
2694	11
2695	11
2696	7
2702	13
2704	13
2708	11
2714	11
2721	7
2724	13
2733	7
2739	13
2741	15
2744	11
2746	4
2749	13
2751	13
2753	13
2758	7
2761	7
2765	11
2767	15
2774	11
2776	15
2777	11
2779	11
2781	11
2782	13
2783	13
2784	11
2787	11
2791	13
2792	13
2794	13
2795	7
2797	13
2798	13
2803	13
2808	11
2819	15
2820	11
2823	13
2824	13
2857	7
2864	13
2867	13
2870	11
2878	11
2879	7
2883	11
2885	0
2889	13
2891	7
2892	13
2895	13
2896	13
2900	13
2901	7
2902	13
2904	13
2905	8
2907	11
2908	13
2909	13
2913	7
2918	11
2920	13
2922	15
2924	13
2925	11
2926	13
2928	15
2930	13
2938	13
2940	15
2941	13
2942	13
2946	13
2950	7
2954	13
2955	15
2956	13
2958	11
2960	13
2961	15
2962	8
2968	13
2970	13
2972	11
2973	13
2978	13
2979	13
2980	11
2982	15
2985	13
2988	15
3000	13
3003	13
3005	11
3010	13
3011	11
3016	11
3017	13
3019	7
3022	7
3024	15
3027	7
3028	13
3030	11
3033	13
3034	15
3036	13
3039	7
3040	11
3041	11
3043	13
3048	13
3049	11
3054	11
3056	13
3061	15
3066	15
3069	7
3071	13
3073	8
3074	11
3081	13
3085	7
3115	11
3119	13
3122	0
3123	11
3127	13
3128	13
3130	11
3132	7
3133	11
3134	13
3141	13
3143	11
3144	13
3147	7
3148	11
3149	7
3159	13
3160	7
3161	11
3165	11
3166	13
3168	7
3169	13
3178	13
3180	13
3182	13
3183	13
3184	8
3185	13
3190	13
3195	7
3199	11
3217	11
3218	13
3221	7
3222	13
3226	7
3227	11
3228	11
3233	13
3237	13
3238	15
3239	7
3240	15
3241	7
3244	13
3245	13
3249	13
3257	13
3261	11
3273	13
3275	11
3276	13
3277	13
3280	13
3285	7
3298	11
3301	7
3306	13
3307	7
3308	13
3311	13
3313	13
3314	7
3316	13
3319	0
3321	11
3322	11
3323	11
3324	7
3327	7
3331	13
3333	7
3335	13
3342	11
3344	8
3346	13
3351	13
3353	7
3355	11
3357	13
3359	15
3362	11
3366	11
3368	7
3370	13
3374	11
3380	18
3381	13
3384	15
3386	13
3392	11
3394	11
3398	11
3400	11
3401	15
3404	13
3405	13
3410	7
3411	13
3414	7
3418	11
3419	11
3421	11
3422	8
3423	13
3426	7
3441	13
3448	11
3453	15
3455	11
3462	7
3463	11
3465	13
3466	13
3467	11
3468	13
3470	15
3475	11
3477	11
3479	13
3482	11
3483	15
3484	11
3485	11
3489	12
3493	7
3495	13
3498	13
3500	13
3501	13
3502	11
3506	7
3507	13
3510	7
3514	13
3515	11
3517	11
3524	11
3525	13
3530	13
3531	7
3533	7
3539	7
3541	11
3543	7
3544	11
3546	7
3549	13
3550	13
3551	11
3552	13
3553	11
3557	11
3560	11
3561	13
3562	13
3567	11
3571	13
3572	11
3577	11
3581	11
3583	7
3584	7
3586	7
3588	11
3595	7
3599	11
3600	15
3601	13
3604	11
3605	11
3610	13
3614	13
3617	13
3618	7
3619	15
3630	11
3631	11
3634	13
3635	11
3642	11
3645	13
3648	7
3650	11
3652	13
3657	13
3661	13
3662	11
3663	13
3665	11
3674	13
3676	11
3677	13
3679	13
3681	11
3683	7
3687	15
3690	11
3692	13
3694	11
3695	7
3700	11
3700	11
3702	13
3705	13
3708	15
3711	13
3713	13
3716	11
3716	11
3718	11
3720	11
3721	13
3724	13
3726	11
3726	11
3728	13
3729	11
3732	10
3734	8
3747	13
3750	13
3755	11
3757	7
3758	11
3762	11
3763	15
3779	11
3779	15
3781	11
3782	11
3784	11
3786	15
3787	13
3795	11
3797	11
3800	8
3802	11
3805	7
3808	13
3812	11
3815	11
3816	11
3819	15
3820	13
3821	11
3823	11
3825	7
3826	13
3828	11
3829	15
3831	5
3839	13
3842	7
3842	11
3847	11
3847	13
3849	11
3857	11
3863	11
3870	11
3874	11
3876	11
3879	15
3883	11
3884	11
3886	7
3942	7
3944	11
3946	13
3947	7
3953	11
3955	13
3955	11
3957	7
3959	11
3962	5
3963	11
3966	13
3968	11
3971	13
3974	13
3984	11
3987	11
3991	13
3992	13
3999	11
4000	11
4005	11
4007	11
4008	11
4009	13
4010	13
4013	13
4018	7
4029	15
4034	13
4036	15
4037	7
4038	13
4045	5
4046	11
4047	13
4050	11
4050	13
4054	11
4057	13
4058	13
4059	13
4060	13
4066	15
4068	11
4068	11
4070	11
4071	11
4074	5
4075	11
4076	11
4098	11
4099	11
4104	11
4106	11
4111	11
4112	11
4118	11
4122	13
4126	11
4131	11
4139	11
4140	13
4144	0
4145	11
4148	11
4156	11
4161	11
4162	11
4166	11
4167	13
4168	11
4170	11
4174	11
4175	11
4177	13
4189	7
4199	11
4203	11
4209	11
4210	11
4213	5
4214	11
4218	13
4220	13
4222	13
4233	11
4246	11
4247	13
4248	13
4250	11
4251	13
4256	11
4259	15
4264	7
4289	13
4291	11
4294	11
4298	11
4299	11
4300	7
4302	11
4313	11
4316	11
4317	13
4318	11
4323	7
4330	13
4335	11
4337	11
4342	11
4345	5
4347	5
4352	5
4353	11
4356	13
4371	11
4375	11
4378	5
4383	13
4384	11
4387	11
4389	13
4394	11
4399	13
4403	11
4405	15
4410	13
4413	13
4414	13
4415	13
4416	11
4417	11
4420	13
4422	11
4423	11
4426	7
4437	11
4442	15
4447	11
4451	5
4456	13
4459	15
4462	11
4464	13
4469	13
4476	13
4477	18
4479	11
4480	5
4482	13
4483	11
4486	13
4490	19
4524	11
4526	13
4532	11
4533	5
4534	13
4535	11
4539	11
4544	7
4560	11
4561	11
4562	11
4563	11
4567	15
4571	13
4576	11
4591	13
4592	11
4596	11
4598	11
4600	13
4606	5
4609	8
4610	11
4614	7
4619	11
4621	13
4626	13
4628	13
4629	11
4631	13
4641	13
4643	11
4644	13
4647	13
4653	11
4655	7
4656	11
4658	11
4662	11
4664	13
4665	13
4672	11
4673	5
4675	13
4676	13
4678	11
4681	13
4682	7
4685	13
4687	5
4688	11
4689	13
4695	5
4704	11
4708	7
4709	15
4711	11
4712	7
4715	5
4716	13
4719	11
4722	13
4723	13
4726	5
4727	11
4730	13
4737	11
4741	13
4742	11
4744	13
4745	11
4752	5
4759	11
4762	13
4763	11
4767	11
4768	11
4775	13
4776	13
4780	11
4788	11
4790	11
4794	13
4797	11
4798	7
4804	13
4805	7
4815	11
4816	11
4821	13
4822	11
4830	13
4832	13
4843	11
4845	11
4848	13
4849	13
4853	5
4855	13
4861	11
4862	5
4863	11
4869	13
4872	11
4874	11
4877	15
4878	13
4886	11
4888	13
4890	11
4893	13
4896	11
4899	13
4910	11
4912	11
4926	13
4930	15
4931	11
4932	11
4933	11
4934	11
4940	13
4941	13
4942	13
4954	5
4959	5
4962	13
4963	13
4967	7
4970	11
4973	11
4985	13
4987	11
4995	15
5002	13
5005	13
5006	11
5008	13
5011	13
5013	11
5019	11
5020	5
5022	11
5023	13
5026	13
5027	13
5029	13
5039	13
5040	5
5041	11
5044	13
5045	11
5049	5
5052	13
5054	13
5055	13
5056	4
5059	5
5065	5
5070	5
5073	13
5074	13
5079	13
5084	13
5085	11
5087	13
5088	13
5094	11
5099	5
5113	11
5115	13
5122	5
5124	5
5128	5
5137	11
5139	13
5140	11
5146	13
5147	11
5149	13
5206	5
5212	13
5215	11
5219	13
5221	13
5222	5
5228	11
5229	13
5230	11
5238	13
5251	5
5260	5
5261	11
5263	11
5265	11
5266	5
5270	7
5271	11
5272	11
5273	13
5277	13
5282	13
5283	13
5285	11
5286	13
5288	13
5293	5
5294	13
5295	13
5297	13
5303	13
5312	5
5314	13
5316	11
5317	13
5319	13
5320	13
5322	13
5325	11
5330	5
5331	2
5336	13
5341	11
5346	13
5350	13
5355	5
5356	5
5357	13
5360	13
5376	13
5379	11
5382	13
5384	13
5387	11
5388	5
5390	13
5392	5
5394	13
5398	5
5401	11
5402	13
5405	5
5411	13
5415	5
5416	13
5425	13
5438	13
5440	13
5443	13
5447	13
5450	5
5454	11
5455	13
5456	13
5457	5
5460	5
5463	13
5464	5
5465	13
5466	13
5469	13
5474	13
5476	13
5484	11
5486	5
5490	5
5491	11
5500	13
5505	13
5507	13
5508	13
5511	13
5515	13
5516	13
5518	5
5520	19
5521	5
5530	5
5532	5
5534	13
5537	11
5545	13
5546	5
5548	13
5549	11
5553	13
5563	13
5568	13
5569	5
5571	13
5579	13
5631	15
5633	11
5634	13
5635	13
5638	13
5641	5
5642	5
5644	13
5645	5
5651	13
5654	11
5658	13
5661	5
5663	11
5667	13
5668	13
5669	13
5671	13
5672	13
5673	13
5678	13
5680	5
5682	11
5683	5
5685	11
5689	11
5690	13
5692	13
5695	13
5697	5
5698	13
5699	13
5702	13
5704	13
5708	13
5713	13
5719	13
5724	5
5726	13
5730	13
5734	0
5737	13
5745	13
5747	2
5749	5
5754	10
5755	13
5759	5
5761	13
5766	13
5767	13
5774	13
5775	13
5776	5
5783	13
5787	13
5792	11
5793	13
5797	5
5800	13
5802	5
5805	13
5810	13
5811	13
5813	5
5814	5
5815	13
5816	13
5818	5
5828	13
5830	5
5831	13
5835	13
5837	13
5838	5
5839	5
5841	5
5842	11
5851	11
5856	13
5859	13
5860	13
5861	5
5863	5
5864	13
5870	13
5872	11
5876	13
5880	13
5881	13
5883	13
5887	5
5892	11
5893	13
5898	13
5900	11
5904	5
5905	13
5907	13
5910	5
5912	5
5914	5
5917	5
5918	13
5919	13
5925	13
5926	13
5929	5
5930	13
5931	5
5932	5
5933	13
5934	5
5935	13
5937	13
5938	13
5947	11
5949	13
5951	13
5952	11
5959	5
5961	13
5965	13
5966	13
5971	5
5972	13
5976	5
5977	13
5979	13
5981	5
5984	5
5985	9
5987	11
5989	13
6021	13
6025	13
6032	11
6034	2
6038	13
6040	13
6042	13
6044	13
6051	13
6061	13
6063	13
6068	13
6073	5
6075	13
6078	5
6082	11
6087	13
6088	13
6089	13
6091	13
6093	5
6095	13
6103	5
6104	13
6107	5
6113	13
6114	13
6116	13
6123	5
6126	13
6127	5
6130	13
6131	13
6134	13
6137	11
6140	5
6144	19
6149	13
6150	5
6154	13
6158	5
6159	11
6161	5
6163	13
6165	5
6166	13
6169	5
6173	5
6182	2
6184	13
6185	5
6194	13
6198	7
6200	5
6202	5
6205	11
6207	13
6208	13
6213	13
6221	13
6223	13
6229	13
6232	13
6234	13
6235	5
6236	5
6239	13
6243	13
6250	13
6253	13
6254	5
6255	13
6258	5
6259	13
6268	13
6271	13
6280	13
6285	5
6289	5
6294	5
6295	13
6296	13
6300	13
6303	5
6305	13
6309	5
6314	5
6315	5
6319	5
6322	5
6344	13
6350	13
6361	13
6363	5
6369	13
6370	13
6380	13
6384	5
6387	13
6390	5
6393	13
6397	13
6399	11
6409	5
6419	13
6420	5
6422	13
6425	5
6426	5
6427	5
6430	13
6431	5
6432	19
6437	5
6441	5
6443	13
6452	13
6456	5
6462	13
6463	13
6470	13
6484	13
6486	13
6487	13
6490	13
6497	0
6502	13
6506	5
6507	13
6508	5
6510	5
6549	13
6550	5
6553	5
6555	13
6562	13
6564	5
6566	5
6568	13
6569	5
6573	13
6575	13
6578	5
6580	13
6586	5
6588	13
6590	13
6595	13
6596	13
6598	5
6603	13
6604	13
6605	13
6606	5
6608	5
6616	13
6621	13
6622	13
6625	5
6626	13
6627	13
6630	5
6632	5
6636	13
6640	13
6644	13
6646	5
6650	5
6655	5
6656	13
6658	13
6670	13
6671	13
6678	13
6687	5
6688	13
6690	13
6691	5
6696	13
6698	5
6699	13
6700	5
6701	5
6702	5
6714	5
6715	5
6717	13
6721	5
6725	5
6726	5
6728	5
6729	5
6730	13
6733	7
6742	13
6751	13
6755	13
6756	5
6762	5
6767	13
6769	13
6770	13
6777	13
6778	13
6779	5
6782	13
6783	13
6784	5
6785	5
6788	13
6791	13
6799	5
6806	13
6808	13
6810	5
6851	5
6855	5
6858	5
6860	13
6867	5
6869	13
6871	5
6872	13
6873	13
6877	5
6886	13
6888	13
6889	13
6902	13
6906	13
6909	13
6915	5
6916	13
6918	5
6926	13
6927	5
6930	13
6931	13
6947	4
6955	5
6956	13
6957	13
6958	15
6960	5
6965	13
6971	13
6972	13
6977	13
6983	13
6985	5
6993	13
6997	13
7004	5
7005	13
7006	5
7011	7
7019	5
7020	13
7021	13
7022	13
7023	13
7028	13
7029	13
7042	13
7050	13
7055	5
7060	5
7068	13
7076	5
7077	13
7078	13
7085	5
7088	5
7107	13
7108	5
7111	13
7117	13
7122	13
7128	5
7145	13
7160	5
7161	13
7162	5
7173	13
7176	13
7177	13
7195	5
7207	13
7209	5
7210	5
7214	5
7220	13
7239	5
7250	5
7255	5
7256	13
7259	13
7262	5
7264	13
7267	5
7272	5
7283	13
7285	5
7313	5
7314	5
7314	5
7325	5
7329	5
7340	5
7348	13
7353	5
7358	13
7366	5
7369	5
7371	5
7372	13
7378	5
7382	5
7391	13
7401	13
7407	13
7409	13
7410	13
7427	13
7430	13
7452	13
7469	5
7488	5
7495	5
7496	5
7507	13
7508	13
7511	13
7511	13
7517	5
7527	4
7546	5
7556	13
7561	13
7564	13
7572	5
7580	13
7581	5
7590	13
7595	5
7601	5
7608	13
7616	5
7617	13
7623	13
7633	5
7640	5
7650	13
7662	5
7665	5
7692	5
7694	5
7698	5
7714	5
7719	5
7720	13
7724	13
7727	13
7739	5
7755	5
7759	5
7777	5
7778	5
7780	5
7781	5
7782	5
7788	5
7793	5
7839	13
7840	13
7847	5
7848	5
7855	13
7861	5
7866	13
7868	5
7872	5
7877	5
7879	5
7881	5
7884	5
7885	5
7885	19
7892	5
7900	0
7901	5
7904	7
7906	5
7908	5
7914	5
7927	5
7935	13
7939	5
7953	13
7956	5
7964	13
7971	5
7972	5
7995	5
7998	13
8001	5
8006	5
8017	5
8047	5
8052	13
8069	13
8079	5
8088	5
8089	5
8094	5
8114	5
8179	5
8187	5
8189	5
8204	5
8217	5
8246	13
8247	5
8262	5
8290	5
8293	13
8312	5
8316	5
8327	5
8328	5
8342	5
8430	5
8432	5
8447	5
8453	5
8454	5
8459	5
8476	5
8481	5
8486	5
8494	5
8505	5
8523	5
8562	5
8564	13
8577	5
8585	5
8594	5
8597	5
8599	5
8656	5
8658	5
8665	5
8684	5
8692	5
8700	5
8704	5
8712	5
8725	5
8752	5
8759	5
8767	5
8769	5
8786	13
8797	5
8812	5
8828	5
8848	5
8849	5
8853	13
8862	5
8869	5
8875	5
8883	5
8916	5
8944	5
8987	5
9031	5
9111	5
9124	5
9153	5
9182	5
9191	5
9196	4
9217	5
9224	5
9262	5
9322	19
9323	5
9342	5
9357	5
9374	5
9383	9
9389	5
9418	5
9470	5
9479	5
9483	2
9578	5
9621	5
9628	4
9633	5
9678	5
9708	5
9719	5
9723	0
9742	5
9790	5
9809	5
9815	5
9817	5
9818	5
9833	5
9842	19
9847	5
9852	5
9859	5
9912	5
9944	5
9947	5
9956	12
10009	5
10010	5
10021	2
10041	5
10080	5
10142	5
10207	5
10252	5
10269	5
10286	5
10294	5
10300	5
10435	5
10524	5
10668	5
10818	5
10918	5
10972	5
11109	5
11198	5
11199	10
11325	5
11563	5
11647	5
11898	5
11934	3
11965	4
12050	5
12181	5
12208	4
12221	5
12410	2
12656	5
12674	2
12998	5
13046	3
13067	2
13284	2
13311	2
13326	2
13475	3
13766	19
13848	2
13960	3
14109	2
14167	2
14171	2
14243	3
14261	2
14320	3
14335	3
14370	2
14401	3
14509	2
14546	3
14731	2
14797	9
14825	15
14878	3
15126	2
15151	2
15174	2
15212	2
15322	9
15339	3
15350	2
15389	2
15448	2
15513	2
15519	0
15704	2
15725	2
15729	2
15829	2
15835	2
15878	2
15924	2
15958	2
15971	2
16075	3
16120	0
16128	2
16235	2
16258	2
16267	3
16281	3
16412	2
16423	2
16444	2
16496	3
16522	2
16580	2
16629	2
16678	2
16703	2
16745	2
16830	3
16832	3
16836	2
16850	3
16859	2
16861	3
16883	2
16895	3
16916	2
16934	2
16947	3
16973	3
16976	2
16991	2
17022	3
17093	2
17162	2
17274	2
17275	3
17307	2
17357	3
17408	3
17462	2
17473	2
17499	3
17506	2
17508	3
17533	3
17542	18
17690	2
17695	3
17707	2
17969	3
17994	2
18001	2
18040	2
18107	3
18181	3
18217	2
18247	2
18256	3
18418	2
18472	17
18617	3
18653	3
18682	3
18683	3
18706	3
18728	3
18746	3
18881	2
18903	3
18935	3
18973	3
18980	3
19214	3
19223	3
19298	3
19408	3
19432	2
19443	3
19487	3
19575	2
19580	3
19671	3
19712	3
19756	3
19761	3
19805	3
19856	3
19866	3
19950	2
20019	3
20048	3
20061	3
20117	3
20140	3
20146	3
20215	3
20221	3
20234	3
20245	3
20250	3
20311	3
20328	3
20373	3
20387	3
20415	3
20420	3
20498	3
20535	3
20579	3
20616	3
20643	3
20648	3
20683	3
20696	3
20701	3
20811	3
20821	3
20835	12
20922	3
20992	3
21122	3
21136	2
21140	3
21166	3
21222	3
21227	3
21321	3
21375	3
21403	3
21606	3
21674	3
21724	3
21842	3
21877	3
21882	3
21892	3
21941	3
21947	3
22110	3
22187	3
22213	3
22225	3
22311	2
22399	3
22425	3
22426	3
22532	3
22546	3
22578	3
22716	3
22749	3
22752	3
22775	3
22791	3
22953	3
23219	3
23287	3
23346	3
23610	3
23614	3
23616	9
23636	3
23787	3
23790	3
23847	3
23855	3
23892	3
24002	3
24589	3
24961	3
25125	16
25310	16
25352	16
25385	16
25666	16
25900	16
26006	16
26132	3
26211	3
26279	16
26293	3
26321	16
26398	16
26445	16
26494	16
26574	16
26609	16
26656	16
26712	16
26724	16
26761	16
26831	16
26906	16
26920	16
26942	16
27000	16
27029	16
27033	16
27072	16
27082	16
27094	16
27117	16
27143	16
27163	16
27169	16
27195	16
27219	16
27320	16
27351	16
27463	16
27502	16
27514	16
27576	16
27620	16
27818	16
27912	16
27940	12
27942	16
28020	16
28075	16
28364	16
28485	16
28896	16
29277	19
29290	16
29317	16
30059	16
30368	16
30493	16
30610	16
30691	16
30780	16
31182	16
31271	16
31552	16
31623	14
32719	16
32857	16
33308	16
34195	14
34301	19
34385	16
34659	2
35132	16
35152	14
35319	14
35672	14
35903	14
36161	6
36315	19
36318	18
36350	19
36479	19
36509	9
36560	4
36576	9
36660	9
36672	9
36712	9
36754	4
36789	4
36790	9
36884	4
36969	9
37020	4
37071	19
37073	4
37181	9
37196	9
37206	4
37224	4
37238	9
37265	9
37280	4
37286	8
37314	4
37345	9
37377	4
37399	4
37416	4
37439	9
37456	4
37472	4
37486	4
37489	4
37511	4
37526	4
37565	4
37587	4
37622	4
37630	8
37635	9
37636	4
37655	4
37693	8
37704	8
37706	4
37707	4
37721	8
37722	4
37750	4
37756	4
37785	4
37795	4
37848	4
37856	4
37875	4
37877	4
37897	8
37911	4
37913	8
37932	4
37942	8
37957	7
37958	4
37965	4
37969	4
37994	8
38002	4
38028	4
38032	4
38033	4
38053	4
38057	4
38087	4
38090	8
38120	4
38124	8
38125	4
38139	4
38151	4
38154	4
38161	4
38162	15
38178	8
38183	4
38185	8
38187	8
38189	8
38191	4
38221	4
38230	8
38248	4
38257	4
38260	4
38263	7
38273	4
38276	8
38277	4
38280	8
38294	8
38297	4
38310	7
38319	19
38323	4
38325	8
38333	8
38336	8
38342	8
38355	8
38359	8
38388	4
38389	4
38395	4
38406	4
38408	4
38412	8
38413	4
38415	8
38425	8
38443	8
38447	8
38452	8
38454	8
38458	8
38462	8
38463	8
38465	4
38469	4
38470	4
38488	8
38500	8
38502	8
38505	8
38506	4
38509	8
38511	11
38512	8
38517	8
38542	8
38550	8
38565	8
38575	4
38577	8
38579	8
38593	4
38595	8
38600	8
38604	4
38608	4
38622	4
38626	7
38628	4
38637	8
38644	8
38659	8
38660	8
38666	8
38671	11
38687	8
38701	4
38705	8
38706	4
38714	8
38732	7
38741	8
38746	8
38754	8
38760	8
38772	8
38781	8
38795	8
38811	8
38819	8
38822	19
38825	8
38832	8
38844	8
38854	8
38864	7
38876	8
38885	8
38912	8
38918	7
38943	8
38945	8
38947	8
38964	7
38971	7
38979	8
38995	8
38998	4
39019	8
39037	4
39039	8
39041	8
39043	8
39061	4
39072	8
39076	8
39085	7
39086	8
39096	8
39102	8
39104	8
39113	7
39114	4
39115	7
39129	7
39130	4
39140	7
39143	8
39149	8
39155	8
39158	8
39159	7
39161	8
39163	8
39168	7
39190	7
39211	8
39238	4
39242	8
39247	8
39252	8
39263	7
39283	7
39284	8
39287	7
39292	8
39295	7
39299	8
39301	8
39305	8
39306	8
39334	7
39345	8
39359	8
39367	15
39375	8
39377	7
39380	11
39381	8
39407	7
39410	7
39413	8
39426	7
39428	19
39429	7
39438	8
39446	8
39448	11
39449	7
39454	7
39468	8
39473	11
39474	7
39480	7
39493	7
39494	11
39504	7
39505	7
39511	8
39522	7
39531	8
39536	8
39538	8
39545	7
39567	8
39575	15
39577	7
39578	7
39589	7
39592	8
39612	7
39615	8
39620	8
39630	7
39641	11
39642	11
39643	8
39648	7
39653	7
39657	4
39661	8
39662	7
39664	8
39668	11
39696	7
39698	7
39713	7
39716	7
39719	7
39720	7
39722	7
39726	11
39729	7
39733	7
39738	7
39741	8
39742	7
39747	8
39748	7
39751	7
39755	7
39760	7
39762	7
39766	8
39769	7
39770	8
39777	7
39785	7
39787	8
39788	7
39795	7
39801	7
39807	7
39810	7
39835	7
39848	11
39850	8
39879	7
39885	11
39889	7
39890	7
39894	7
39898	8
39904	7
39911	8
39938	11
39939	8
39947	7
39951	7
39957	7
39967	11
39968	8
39979	7
39980	11
39981	7
39989	7
39998	7
40005	7
40007	7
40008	7
40015	7
40017	11
40028	8
40034	13
40036	8
40038	7
40041	7
40042	7
40045	8
40048	7
40059	13
40078	11
40079	13
40081	8
40084	8
40093	7
40101	11
40105	7
40111	7
40112	7
40115	7
40128	11
40129	8
40147	11
40161	7
40162	13
40164	7
40166	7
40169	7
40171	7
40175	7
40178	7
40183	7
40213	11
40214	7
40215	11
40217	11
40219	7
40222	7
40227	7
40229	11
40230	7
40231	8
40232	8
40240	7
40242	8
40254	7
40256	7
40260	7
40263	8
40266	7
40267	7
40268	8
40269	7
40270	11
40272	7
40273	11
40274	11
40278	11
40293	7
40296	7
40301	7
40319	7
40327	11
40332	4
40338	7
40344	7
40346	11
40356	11
40364	7
40366	7
40390	7
40392	7
40405	7
40406	13
40408	11
40415	7
40429	13
40430	7
40431	7
40436	7
40437	7
40438	8
40447	7
40448	7
40459	7
40464	7
40465	7
40479	7
40490	8
40491	11
40494	11
40498	7
40509	11
40511	7
40516	7
40518	7
40521	7
40523	7
40524	11
40527	7
40528	11
40538	7
40546	7
40552	11
40554	11
40564	11
40566	7
40571	7
40572	8
40574	7
40575	11
40583	7
40587	11
40591	7
40594	7
40603	11
40611	13
40615	7
40617	7
40621	11
40622	7
40627	11
40628	7
40630	7
40636	7
40643	11
40649	7
40654	11
40656	11
40657	7
40658	11
40663	7
40666	11
40682	11
40688	7
40691	7
40692	13
40702	7
40716	7
40725	18
40726	7
40728	11
40731	7
40734	7
40735	11
40738	7
40742	11
40749	7
40754	7
40759	8
40768	11
40769	11
40770	11
40771	7
40775	7
40776	11
40780	7
40783	8
40785	7
40808	7
40812	11
40814	11
40818	7
40822	11
40823	7
40828	11
40830	7
40836	11
40841	11
40866	11
40871	7
40872	11
40875	7
40885	11
40890	11
40896	11
40899	11
40900	7
40904	7
40906	7
40908	7
40913	11
40914	11
40918	7
40921	7
40922	11
40928	7
40943	11
40947	11
40949	11
40963	7
40966	7
40984	7
40985	11
40986	11
40992	7
40996	13
41003	7
41004	13
41007	11
41018	11
41021	11
41028	11
41029	7
41033	7
41036	7
41040	11
41042	11
41049	11
41051	11
41052	11
41053	11
41054	7
41058	11
41059	11
41062	11
41066	8
41069	11
41080	11
41085	7
41087	7
41096	11
41100	11
41101	7
41109	7
41115	11
41117	11
41118	7
41122	11
41123	8
41127	11
41128	11
41131	11
41145	11
41148	7
41151	11
41152	19
41155	18
41157	13
41164	7
41178	7
41179	11
41180	11
41187	11
41194	13
41223	11
41224	7
41226	11
41235	7
41238	11
41240	11
41241	11
41248	11
41251	7
41255	7
41265	7
41273	11
41276	7
41279	11
41284	13
41286	11
41287	13
41288	7
41290	13
41296	8
41303	7
41305	11
41309	11
41310	11
41315	11
41321	8
41323	11
41324	7
41332	7
41337	11
41340	11
41342	8
41343	11
41347	11
41366	11
41371	13
41373	11
41376	7
41379	11
41386	7
41398	11
41402	13
41404	11
41406	7
41412	13
41414	7
41418	7
41430	11
41440	11
41443	7
41457	11
41460	11
41461	11
41477	7
41480	11
41481	7
41487	11
41488	11
41490	11
41496	7
41497	7
41502	7
41506	11
41507	11
41510	11
41511	13
41512	7
41516	11
41517	11
41518	11
41526	11
41529	11
41532	11
41534	11
41539	11
41542	11
41546	7
41549	11
41551	11
41553	7
41571	13
41573	11
41575	11
41576	11
41578	11
41584	11
41586	11
41587	11
41588	11
41594	11
41595	11
41598	11
41600	13
41611	11
41613	11
41619	11
41621	7
41623	11
41626	13
41628	11
41629	11
41634	11
41637	11
41639	13
41641	11
41643	11
41645	11
41647	11
41648	13
41653	11
41661	7
41663	7
41668	11
41672	11
41673	11
41679	11
41680	11
41681	11
41682	11
41684	7
41685	11
41689	13
41690	11
41691	7
41694	7
41695	11
41696	7
41697	11
41699	11
41700	13
41710	11
41719	11
41730	11
41732	7
41733	11
41741	7
41749	13
41751	11
41766	7
41770	11
41771	13
41772	7
41778	7
41783	11
41788	7
41789	11
41790	13
41797	11
41803	13
41805	11
41807	13
41809	7
41820	11
41821	11
41822	11
41824	11
41825	11
41826	7
41827	11
41831	11
41836	11
41840	7
41842	11
41844	11
41847	11
41859	11
41862	13
41863	11
41869	11
41871	11
41873	11
41875	7
41876	11
41877	11
41882	11
41885	8
41889	11
41890	11
41891	19
41892	11
41893	11
41902	11
41905	11
41909	11
41911	13
41914	11
41919	11
41922	7
41925	11
41928	13
41930	11
41938	11
41941	13
41955	11
41960	11
41969	11
41973	13
41974	11
41977	13
41982	11
41983	11
41984	13
41996	11
42000	11
42008	13
42009	7
42011	11
42016	11
42017	11
42019	13
42021	11
42025	11
42028	11
42029	11
42033	8
42037	13
42038	13
42046	11
42050	13
42051	11
42053	11
42054	13
42057	11
42066	13
42067	11
42074	11
42078	13
42081	11
42084	7
42086	11
42087	13
42091	11
42095	11
42097	13
42100	11
42103	11
42104	7
42106	11
42107	13
42120	13
42126	13
42132	7
42133	13
42140	7
42144	13
42145	11
42149	11
42156	5
42159	11
42163	11
42165	11
42169	11
42171	11
42175	7
42176	11
42177	11
42181	11
42183	11
42184	13
42185	13
42192	11
42197	11
42199	11
42202	11
42203	11
42205	11
42206	13
42207	11
42218	11
42221	13
42227	7
42229	7
42231	13
42236	11
42237	7
42239	13
42241	13
42242	11
42251	11
42254	11
42255	13
42260	11
42262	11
42264	5
42280	11
42289	11
42290	7
42291	11
42292	13
42293	13
42296	13
42298	13
42302	11
42303	13
42311	7
42314	11
42317	7
42328	11
42336	13
42340	11
42342	11
42343	11
42344	11
42345	11
42346	13
42353	11
42369	11
42370	11
42374	13
42378	13
42380	13
42382	11
42391	11
42392	13
42401	13
42405	11
42406	13
42413	11
42415	13
42417	11
42420	13
42425	13
42427	7
42430	13
42432	13
42433	13
42435	13
42436	11
42439	13
42440	7
42442	11
42443	13
42446	13
42448	5
42453	11
42457	13
42459	11
42460	13
42461	11
42467	11
42475	11
42478	7
42479	13
42482	11
42484	13
42485	7
42490	13
42491	11
42494	11
42498	11
42499	13
42501	11
42502	11
42505	13
42506	11
42508	11
42509	13
42523	11
42525	13
42526	7
42527	13
42530	13
42531	13
42533	13
42535	13
42541	13
42543	13
42544	11
42545	11
42548	13
42549	7
42551	11
42552	13
42555	13
42557	13
42560	11
42561	13
42565	13
42567	7
42569	13
42571	11
42572	13
42576	13
42577	7
42578	13
42581	7
42585	13
42591	13
42592	7
42596	13
42600	13
42601	7
42607	11
42610	13
42611	13
42614	11
42619	7
42633	13
42634	11
42636	11
42643	13
42646	11
42649	13
42652	13
42654	13
42656	11
42659	11
42664	11
42673	13
42675	11
42678	13
42679	13
42692	13
42697	13
42698	13
42701	13
42703	13
42706	13
42708	11
42717	11
42718	13
42720	13
42721	11
42727	13
42729	11
42731	11
42733	11
42735	13
42743	13
42744	13
42748	11
42749	11
42754	11
42760	11
42761	13
42764	11
42768	13
42770	11
42773	13
42775	11
42777	11
42781	13
42783	11
42784	13
42785	11
42791	13
42799	13
42800	11
42802	13
42808	11
42810	13
42817	13
42818	13
42821	13
42828	5
42834	11
42838	13
42841	11
42851	13
42854	11
42856	11
42857	11
42859	11
42860	13
42863	11
42865	11
42866	13
42867	13
42880	13
42885	11
42888	11
42892	11
42895	7
42896	11
42900	11
42903	13
42904	13
42906	13
42908	13
42909	11
42913	13
42916	13
42917	13
42918	11
42919	11
42926	11
42937	13
42938	13
42939	13
42942	13
42944	13
42947	7
42948	13
42956	11
42957	13
42958	13
42960	13
42964	13
42966	11
42967	13
42968	11
42969	11
42970	13
42975	13
42979	13
42981	13
42989	7
42990	13
42992	13
42995	13
43000	11
43003	7
43007	11
43010	13
43015	13
43023	13
43031	13
43032	13
43043	13
43053	13
43062	13
43063	13
43064	11
43067	13
43068	13
43070	13
43072	13
43074	11
43075	11
43077	11
43078	13
43082	13
43086	13
43100	11
43104	11
43106	13
43114	11
43117	11
43121	13
43123	13
43125	13
43128	13
43130	13
43132	13
43133	13
43138	11
43141	11
43148	13
43153	7
43160	13
43161	11
43166	11
43172	13
43194	13
43195	13
43196	7
43198	13
43200	13
43202	13
43212	11
43213	11
43215	11
43216	13
43219	13
43220	11
43221	11
43224	13
43230	13
43234	11
43237	13
43238	13
43246	13
43249	5
43251	13
43260	11
43267	11
43276	5
43278	5
43281	7
43285	13
43287	13
43296	5
43300	13
43302	11
43303	13
43304	11
43309	13
43311	5
43313	13
43315	11
43316	11
43328	13
43329	8
43330	13
43336	13
43344	13
43346	11
43349	13
43354	13
43363	8
43365	13
43372	11
43374	13
43376	11
43378	13
43381	13
43382	13
43385	13
43388	11
43393	13
43396	13
43399	11
43403	13
43410	11
43414	11
43416	11
43419	13
43420	13
43421	7
43422	13
43423	11
43427	13
43430	13
43434	13
43438	13
43442	11
43444	13
43445	13
43446	13
43456	5
43460	11
43461	13
43462	7
43466	13
43470	5
43476	5
43484	11
43490	13
43493	11
43496	13
43498	13
43503	11
43505	11
43525	13
43539	13
43547	13
43556	8
43564	13
43567	13
43569	13
43572	13
43576	7
43577	13
43579	13
43581	5
43585	5
43586	11
43590	11
43592	11
43595	11
43600	7
43601	13
43603	13
43605	11
43606	11
43607	11
43616	13
43617	11
43618	11
43623	11
43632	13
43633	13
43639	7
43640	13
43641	13
43644	13
43647	13
43648	13
43649	13
43652	13
43654	13
43658	11
43659	13
43660	13
43661	13
43662	13
43664	11
43669	11
43671	13
43673	13
43692	13
43704	11
43705	13
43710	5
43711	13
43713	13
43717	13
43731	13
43733	13
43746	13
43749	5
43751	13
43756	13
43757	7
43758	11
43759	7
43760	13
43763	13
43771	13
43772	5
43781	5
43791	13
43794	13
43803	13
43810	13
43816	13
43817	13
43824	11
43826	13
43831	13
43841	5
43850	13
43865	11
43867	5
43871	13
43875	5
43876	13
43906	13
43908	5
43911	13
43924	13
43941	13
43944	11
43971	13
43978	13
43979	13
43984	13
43989	4
43991	11
44012	13
44013	13
44025	13
44040	5
44043	13
44055	13
44066	13
44068	7
44071	5
44076	13
44081	5
44085	5
44095	13
44100	11
44121	13
44129	5
44138	13
44143	13
44144	11
44149	5
44154	5
44156	13
44160	13
44182	5
44185	13
44189	13
44191	5
44219	13
44223	13
44233	13
44242	13
44260	13
44290	5
44294	11
44303	13
44314	13
44317	13
44321	7
44325	5
44344	5
44345	5
44346	5
44350	13
44376	13
44395	7
44396	13
44405	5
44407	13
44419	5
44425	15
44433	5
44446	13
44507	5
44518	5
44521	5
44543	5
44562	13
44574	13
44610	5
44618	5
44628	5
44651	5
44683	19
44687	7
44704	13
44706	13
44722	13
44725	5
44735	5
44758	13
44767	5
44770	13
44782	5
44810	5
44821	7
44838	7
44853	13
44886	5
44933	5
44975	13
44989	13
44995	5
45018	13
45020	13
45057	13
45061	5
45063	13
45122	5
45146	5
45175	5
45186	5
45213	13
45300	5
45330	5
45353	5
45392	5
45401	5
45431	5
45449	5
45490	5
45493	5
45496	5
45516	5
45525	5
45531	5
45563	13
45583	5
45616	13
45652	5
45708	5
45725	5
45729	5
45760	13
45771	5
45806	5
45975	5
45984	13
45988	5
46056	5
46057	13
46090	13
46159	13
46201	5
46234	5
46348	5
46456	13
46498	4
46603	5
46687	13
46774	5
46775	5
46840	5
46910	5
46948	13
47090	5
47154	5
47384	5
47394	4
47615	5
47636	4
47693	13
47774	4
47798	5
47976	13
48458	4
48473	2
48500	4
48821	5
48861	5
49095	5
49144	4
49198	2
49237	2
49326	2
49361	5
49375	5
49446	2
49574	5
49866	2
49915	5
49995	2
50158	2
50181	5
50265	5
50340	2
50378	5
50533	2
50566	2
50615	2
50629	5
50844	2
50879	2
50907	2
50945	15
50995	2
51259	5
51388	2
51402	2
51413	17
51472	2
51495	2
51602	2
51712	2
51717	2
51829	2
51837	3
52029	2
52184	2
52208	2
52259	15
52323	2
52428	2
52443	3
52538	2
52540	2
52595	3
52623	3
52646	2
52672	2
52693	2
52714	3
52740	2
52765	2
52800	2
52819	2
52856	2
52885	2
52890	2
52947	2
53027	2
53037	2
53046	2
53080	4
53154	2
53157	5
53227	2
53294	3
53343	3
53427	2
53432	2
53454	2
53495	3
53497	3
53561	19
53608	3
53655	3
53695	3
53733	3
53777	2
53816	3
53834	3
53891	3
53949	3
53964	3
54037	2
54143	3
54231	3
54236	3
54237	3
54343	3
54369	2
54371	12
54407	2
54421	3
54476	2
54477	3
54478	2
54606	3
54673	2
54719	3
54733	3
54743	3
54779	3
54809	3
54831	3
54848	3
54867	3
54887	3
54916	3
54929	3
55028	3
55077	3
55085	3
55093	3
55158	3
55163	2
55257	3
55262	2
55410	3
55449	3
55577	3
55591	3
55600	3
55601	3
55650	3
55678	3
55705	3
55750	3
55855	3
55887	3
55898	3
55904	3
55936	3
55978	3
55981	3
56028	3
56045	3
56048	3
56061	3
56155	3
56172	3
56204	3
56243	3
56276	3
56281	3
56320	3
56321	3
56358	3
56370	3
56386	3
56415	3
56452	3
56458	3
56487	3
56585	3
56698	3
56863	12
56874	3
56923	3
56948	3
56964	3
57011	3
57059	3
57268	3
57286	3
57358	3
57390	3
57448	3
57493	19
57544	3
57621	3
57645	3
57670	3
57698	3
57927	3
58071	0
58123	3
58129	3
58158	3
58219	3
58278	3
58331	3
58343	3
58345	3
58448	3
58454	3
58472	3
58551	3
58564	3
58659	3
59178	2
59342	12
59417	3
59476	3
59581	3
59694	3
59719	3
59725	2
59834	3
59925	3
60166	3
60309	3
60565	3
60644	3
60746	2
60889	3
60934	3
60952	3
61414	3
61445	3
61550	2
61587	3
61850	3
62078	0
62251	3
62336	3
62394	19
62513	16
62527	16
62587	3
62721	12
62840	2
62958	3
62992	16
63002	16
63042	17
63152	16
63229	16
63232	16
63241	16
63243	16
63245	16
63248	16
63252	16
63255	16
63256	16
63259	16
63261	16
63265	16
63266	16
63267	16
63268	16
63268	16
63273	16
63277	16
63280	16
63280	16
63283	16
63289	16
63291	16
63301	16
63303	16
63304	16
63304	16
63306	16
63307	16
63307	16
63310	16
63312	16
63337	16
63345	16
63387	16
63441	16
63497	16
63530	16
63628	16
63678	16
63713	16
63719	16
63765	16
63782	16
63866	16
63896	12
63952	16
63979	16
63984	16
63985	16
64009	16
64018	16
64032	16
64076	16
64095	16
64098	16
64118	16
64130	16
64133	16
64180	16
64190	16
64202	16
64204	16
64216	16
64268	16
64300	16
64353	16
64363	16
64443	16
64531	16
64553	16
64559	16
64571	16
64609	16
64678	16
64702	16
64778	16
64840	16
64928	16
64960	16
65023	16
65051	16
65132	16
65179	16
65191	16
65196	16
65197	16
65276	16
65284	16
65362	16
65383	16
65454	16
65536	17
65699	14
65966	2
66047	16
66130	16
66225	16
66241	16
66258	16
66268	16
66271	16
66275	16
66282	16
66284	16
66285	16
66287	16
66290	16
66291	16
66294	16
66296	16
66298	16
66299	16
66301	16
66302	16
66303	16
66304	16
66305	16
66306	16
66307	16
66308	16
66309	16
66310	16
66311	16
66312	16
66313	16
66314	16
66315	16
66316	16
66317	16
66318	16
66319	16
66320	16
66321	16
66335	16
66363	14
66498	16
66528	16
66614	16
66645	16
66655	16
66751	16
66931	16
67000	16
67110	16
67211	16
67378	16
67430	16
67520	16
67601	12
68104	14
68190	16
68239	2
69611	16
69946	16
70576	12
70752	16
70811	16
72511	14
72512	14
72514	14
72515	14
72516	14
72517	14
72518	14
72519	14
72532	14
72533	14
72544	14
72560	14
72567	14
72607	14
72608	14
72614	14
72629	14
72632	14
72652	14
72660	14
72667	14
72668	14
72670	14
72671	14
72678	14
72687	14
72703	14
72709	14
72764	14
72779	14
72792	14
72793	14
72794	14
72800	14
72807	14
72808	14
72812	14
72814	14
72815	14
72839	14
72843	14
72849	14
72856	14
72859	14
72860	14
72865	14
72868	14
72874	14
72894	14
72896	14
72899	14
72908	14
72918	14
72926	6
73039	9
73040	19
73162	19
73274	9
73365	9
73396	9
73465	9
73471	9
73500	4
73581	9
73627	9
73670	9
73683	4
73714	9
73770	4
73791	9
73822	4
73828	4
73843	4
73847	9
73851	4
73918	4
73984	4
73987	15
73997	9
73998	4
74036	4
74062	9
74093	4
74094	4
74105	4
74110	8
74128	8
74129	4
74165	4
74230	4
74254	4
74264	4
74268	4
74270	4
74273	4
74291	15
74302	4
74303	4
74310	4
74325	4
74335	4
74340	4
74357	8
74364	4
74369	4
74371	4
74372	4
74380	4
74395	4
74413	4
74418	8
74419	4
74447	11
74454	4
74455	4
74466	4
74470	8
74486	4
74501	4
74503	8
74505	18
74510	4
74522	4
74549	4
74585	4
74590	8
74599	4
74602	4
74604	8
74619	8
74667	4
74673	15
74675	8
74688	9
74690	4
74692	8
74735	8
74736	4
74746	4
74748	4
74757	4
74761	4
74764	8
74765	4
74770	8
74773	8
74785	4
74793	8
74802	8
74804	4
74828	4
74831	15
74834	8
74840	4
74851	19
74863	4
74876	4
74879	8
74882	8
74901	4
74911	4
74916	8
74936	4
74946	7
74961	8
74964	8
74965	8
74966	8
74975	4
74985	8
74992	8
74997	7
75001	4
75007	8
75009	8
75057	4
75059	4
75062	8
75070	4
75071	4
75074	4
75079	4
75081	8
75084	4
75085	8
75091	8
75100	8
75107	8
75126	7
75131	4
75134	4
75145	8
75150	4
75151	7
75173	8
75203	8
75209	8
75211	8
75217	8
75222	8
75238	4
75240	4
75246	7
75254	8
75255	8
75278	7
75286	4
75287	7
75288	8
75294	4
75296	8
75302	8
75308	4
75329	8
75332	8
75354	4
75369	8
75382	8
75385	8
75387	7
75393	8
75396	8
75397	8
75405	7
75408	8
75416	7
75417	7
75422	7
75431	7
75433	8
75439	8
75444	8
75449	4
75454	8
75464	8
75469	8
75475	4
75476	8
75480	8
75481	8
75487	8
75490	8
75493	8
75495	8
75520	8
75527	4
75543	8
75544	8
75546	8
75557	4
75560	7
75565	8
75570	4
75583	8
75588	7
75589	8
75591	8
75592	8
75598	7
75607	7
75608	8
75619	8
75634	8
75644	8
75648	11
75657	7
75662	8
75670	8
75673	8
75682	4
75688	8
75698	8
75701	8
75704	7
75706	8
75714	8
75716	8
75719	7
75723	8
75728	7
75731	4
75745	7
75748	8
75750	8
75754	8
75767	8
75770	8
75772	8
75775	8
75777	8
75783	7
75791	8
75792	8
75809	7
75810	8
75814	8
75815	8
75821	7
75830	4
75835	8
75842	8
75861	8
75862	8
75875	8
75877	8
75883	7
75887	8
75889	15
75894	4
75896	7
75906	7
75916	8
75933	7
75938	8
75941	7
75945	7
75951	8
75965	8
75966	7
75967	8
75968	8
75971	7
75973	8
75975	7
75985	7
75989	8
75994	8
75996	15
76001	8
76050	7
76059	11
76067	7
76078	11
76084	8
76092	8
76101	7
76114	7
76115	7
76118	8
76119	15
76121	8
76125	7
76132	18
76135	8
76154	19
76159	8
76163	11
76167	7
76168	7
76179	8
76184	11
76191	7
76194	7
76197	8
76202	7
76211	11
76212	8
76215	7
76216	7
76217	7
76220	11
76222	11
76232	7
76239	7
76243	7
76247	7
76249	13
76251	7
76272	7
76275	13
76289	8
76295	8
76298	7
76303	7
76304	8
76306	7
76307	7
76312	7
76315	7
76322	13
76323	7
76325	7
76326	18
76332	7
76347	7
76350	7
76360	7
76361	8
76377	7
76381	7
76383	7
76384	11
76388	7
76391	7
76396	7
76397	7
76400	7
76402	7
76404	7
76408	7
76411	7
76413	11
76418	11
76423	11
76427	11
76438	7
76440	7
76445	7
76447	7
76450	8
76452	7
76463	7
76466	11
76467	8
76470	7
76471	7
76482	7
76483	7
76486	8
76489	7
76490	7
76492	7
76494	11
76495	7
76498	7
76501	7
76505	7
76512	7
76514	8
76522	8
76531	11
76538	8
76542	7
76548	7
76549	7
76562	7
76563	7
76564	11
76565	11
76566	8
76567	7
76570	11
76579	7
76580	7
76587	8
76588	7
76594	13
76595	8
76598	7
76600	8
76601	7
76602	8
76605	7
76613	8
76619	7
76621	7
76623	11
76627	7
76628	8
76635	7
76637	8
76653	8
76658	11
76659	7
76660	7
76662	7
76667	7
76668	7
76672	7
76681	7
76685	7
76694	7
76699	7
76703	13
76705	8
76708	7
76711	7
76715	7
76720	11
76729	7
76730	8
76731	11
76736	7
76737	11
76739	7
76742	7
76743	7
76747	7
76752	7
76754	11
76757	7
76761	11
76763	8
76777	8
76783	7
76786	7
76789	7
76796	7
76803	7
76805	7
76808	7
76813	11
76814	7
76815	13
76820	7
76822	7
76842	7
76855	11
76856	7
76865	7
76874	7
76877	11
76880	7
76882	11
76883	7
76895	7
76896	7
76900	7
76907	11
76908	7
76909	8
76912	11
76914	7
76916	11
76917	11
76918	7
76926	11
76930	7
76931	11
76935	8
76936	11
76945	13
76946	7
76954	11
76955	8
76957	11
76958	11
76977	7
76978	11
76981	11
76982	11
76983	11
76985	8
76991	11
76992	11
77003	7
77004	11
77014	7
77019	11
77020	7
77021	7
77025	11
77027	8
77031	11
77033	4
77036	7
77039	7
77045	18
77048	7
77057	11
77058	7
77064	11
77078	7
77079	11
77081	11
77082	11
77083	7
77088	11
77092	13
77094	11
77098	11
77103	7
77105	11
77106	15
77107	7
77113	7
77115	11
77116	11
77123	11
77126	7
77137	11
77142	11
77147	7
77151	11
77153	11
77157	11
77158	11
77160	11
77161	7
77164	18
77167	7
77169	7
77179	7
77189	7
77195	11
77197	7
77198	11
77201	11
77202	7
77210	11
77212	11
77216	7
77220	7
77224	7
77227	11
77233	11
77243	11
77245	11
77254	7
77262	11
77263	11
77265	7
77267	11
77269	11
77295	7
77297	11
77320	7
77322	13
77327	11
77331	11
77333	7
77334	7
77338	11
77343	11
77344	8
77345	11
77352	7
77353	7
77359	11
77361	13
77362	11
77364	11
77373	11
77375	13
77382	11
77383	11
77384	7
77385	7
77386	7
77402	11
77407	7
77409	11
77410	7
77412	13
77420	7
77428	11
77430	13
77431	7
77436	11
77442	11
77443	11
77444	13
77445	11
77454	11
77490	13
77509	15
77515	7
77521	11
77523	8
77528	11
77529	7
77532	11
77533	11
77536	11
77537	11
77539	11
77542	11
77546	11
77547	11
77552	11
77553	19
77558	11
77559	7
77562	11
77566	11
77573	11
77578	7
77587	11
77593	11
77595	11
77600	11
77605	11
77608	7
77611	7
77613	11
77620	7
77621	13
77628	11
77632	13
77634	11
77637	7
77638	11
77640	11
77643	11
77645	7
77647	11
77648	7
77649	11
77651	11
77655	11
77656	13
77657	13
77661	11
77670	11
77671	11
77672	11
77674	11
77675	11
77680	18
77682	11
77683	11
77685	11
77691	11
77695	11
77696	11
77700	11
77701	11
77704	11
77709	11
77712	11
77715	11
77717	11
77718	7
77722	11
77724	11
77726	11
77728	11
77730	11
77738	11
77739	7
77741	13
77746	11
77747	18
77754	7
77766	7
77767	11
77768	11
77769	11
77771	11
77773	11
77774	11
77777	13
77780	13
77785	11
77787	13
77789	7
77790	11
77792	13
77794	7
77795	13
77800	13
77802	11
77805	13
77806	13
77811	11
77812	11
77813	11
77814	11
77817	11
77819	7
77822	11
77831	11
77836	13
77838	11
77841	13
77845	11
77846	11
77847	11
77852	7
77854	11
77856	11
77857	13
77876	13
77880	11
77883	11
77885	11
77887	11
77888	11
77889	11
77895	13
77899	13
77902	11
77913	13
77917	11
77919	11
77920	13
77923	7
77925	7
77927	11
77929	11
77931	13
77934	11
77938	11
77945	7
77950	7
77958	13
77959	11
77961	11
77966	11
77968	13
77976	7
77979	11
77988	13
77992	11
78004	11
78007	7
78012	7
78013	11
78017	13
78021	11
78026	7
78034	11
78036	13
78038	11
78042	11
78051	13
78055	13
78057	13
78058	11
78062	13
78065	7
78066	11
78069	11
78072	11
78075	7
78080	11
78081	11
78083	11
78085	11
78087	13
78088	13
78089	11
78090	11
78092	11
78095	11
78098	11
78099	13
78107	11
78109	13
78119	11
78120	7
78121	11
78126	11
78127	11
78134	11
78139	11
78142	13
78144	13
78146	13
78148	13
78153	13
78154	11
78155	11
78156	11
78161	11
78162	13
78168	13
78174	13
78181	11
78183	11
78189	7
78193	13
78195	11
78197	11
78198	13
78199	11
78200	13
78203	11
78207	11
78211	11
78225	11
78229	11
78234	11
78241	13
78243	13
78245	13
78246	13
78248	11
78256	13
78257	11
78258	13
78262	11
78266	13
78268	11
78269	7
78272	11
78274	11
78275	11
78276	11
78279	11
78280	11
78283	11
78284	11
78286	13
78288	13
78289	13
78299	11
78303	11
78309	11
78313	7
78321	13
78322	11
78325	7
78329	11
78332	13
78333	11
78336	11
78337	13
78341	11
78342	13
78344	13
78347	13
78348	11
78350	11
78351	11
78353	11
78356	13
78357	13
78360	13
78361	11
78362	13
78363	13
78367	13
78368	13
78369	11
78371	11
78373	13
78374	11
78375	11
78377	11
78378	13
78379	13
78383	11
78384	11
78386	13
78392	13
78394	7
78395	13
78403	11
78409	11
78422	11
78429	11
78431	13
78436	11
78439	11
78443	11
78453	11
78454	13
78456	11
78459	11
78460	13
78461	13
78463	11
78464	13
78472	13
78473	13
78474	11
78475	11
78477	13
78479	13
78484	13
78491	11
78493	13
78495	13
78496	13
78498	11
78501	11
78574	13
78575	11
78579	13
78580	13
78582	13
78583	13
78587	13
78591	7
78597	13
78603	11
78604	13
78615	13
78619	13
78622	7
78624	13
78630	11
78631	13
78633	11
78634	13
78640	13
78641	13
78645	11
78647	13
78650	13
78651	13
78657	7
78663	7
78669	11
78671	13
78677	11
78679	13
78680	13
78682	13
78683	11
78689	13
78692	13
78696	13
78697	11
78698	11
78702	11
78704	13
78716	7
78725	13
78743	11
78744	11
78745	13
78752	13
78760	13
78766	7
78769	13
78771	11
78772	13
78773	11
78776	13
78777	13
78778	13
78779	13
78783	13
78784	13
78788	13
78789	13
78791	13
78810	11
78812	13
78813	13
78819	11
78820	13
78827	11
78833	13
78834	13
78837	11
78839	11
78850	11
78851	13
78855	13
78856	13
78858	13
78859	13
78860	11
78862	13
78864	11
78866	11
78868	11
78872	13
78885	13
78886	13
78915	13
78919	13
78921	7
78924	13
78925	13
78926	11
78927	13
78928	13
78940	11
78941	11
78944	11
78947	13
78948	11
78949	13
78956	13
78958	11
78960	11
78963	11
78964	13
78970	13
78972	11
78976	13
78977	13
78978	11
78979	13
78981	13
78983	13
78990	11
78998	13
79005	13
79009	11
79010	11
79012	13
79016	13
79019	11
79022	11
79024	11
79032	11
79037	13
79043	13
79045	11
79048	13
79050	11
79059	13
79060	13
79065	11
79066	13
79068	13
79069	11
79074	13
79076	13
79077	13
79079	13
79081	13
79086	13
79088	13
79091	11
79097	13
79098	13
79099	13
79102	13
79106	13
79120	13
79121	13
79133	13
79134	13
79135	13
79141	13
79145	13
79146	11
79148	7
79150	11
79151	11
79152	11
79160	11
79165	13
79166	11
79168	13
79171	7
79172	13
79173	11
79174	11
79180	13
79190	13
79193	13
79195	13
79205	8
79206	13
79207	13
79208	13
79218	13
79225	13
79243	13
79246	13
79253	11
79254	11
79261	13
79276	13
79281	13
79284	13
79287	13
79288	13
79290	11
79291	13
79294	13
79296	13
79297	13
79298	19
79300	13
79301	11
79303	11
79317	13
79319	13
79326	13
79329	11
79330	13
79337	11
79339	13
79340	11
79348	13
79356	13
79358	18
79361	13
79407	13
79414	13
79419	13
79421	11
79427	11
79434	13
79442	13
79446	13
79468	13
79469	13
79476	13
79477	13
79480	13
79486	11
79487	13
79496	13
79497	11
79499	11
79502	13
79503	13
79505	13
79516	13
79527	13
79528	13
79536	13
79540	19
79541	13
79543	13
79552	13
79554	13
79555	7
79564	11
79567	5
79568	13
79575	13
79577	13
79581	11
79585	13
79588	13
79605	11
79613	13
79621	13
79622	13
79630	11
79643	13
79649	7
79650	13
79653	11
79662	13
79663	13
79669	13
79672	13
79684	11
79688	13
79703	13
79708	13
79719	13
79720	13
79722	13
79723	13
79734	13
79738	7
79741	13
79746	7
79747	13
79762	13
79763	13
79767	13
79777	13
79788	13
79797	13
79801	13
79806	13
79819	13
79821	13
79844	13
79845	13
79848	13
79855	13
79873	11
79876	5
79877	11
79880	13
79912	11
79915	11
79920	13
79930	13
79953	7
79957	13
79979	13
80000	11
80017	13
80029	13
80036	11
80053	13
80058	13
80081	11
80084	13
80102	18
80103	11
80106	11
80108	13
80110	13
80111	11
80115	11
80129	13
80130	13
80131	13
80140	13
80153	13
80167	13
80176	13
80177	11
80181	11
80192	13
80220	13
80239	13
80240	13
80262	13
80274	13
80293	13
80297	13
80313	13
80328	13
80330	11
80348	13
80357	13
80377	11
80382	13
80399	13
80413	13
80417	13
80424	13
80429	11
80474	13
80491	11
80509	13
80562	13
80564	9
80578	13
80582	11
80584	18
80592	13
80635	13
80704	13
80709	13
80713	13
80724	15
80758	13
80761	13
80780	11
80876	13
80948	5
80971	13
81118	5
81129	13
81204	13
81214	5
81216	13
81264	5
81283	19
81298	13
81402	5
81436	13
81478	19
81554	10
81558	13
81562	5
81637	13
81710	5
81728	7
81751	18
81796	5
81993	7
82085	5
82104	5
82215	13
82240	5
82256	13
82277	5
82298	5
82309	5
82320	13
82403	5
82461	13
82500	5
82523	5
82529	13
82651	13
82658	5
82689	15
82708	5
82755	5
82757	5
82863	5
82923	9
82951	5
83012	5
83084	5
83184	10
83185	5
83211	5
83216	5
83282	5
83341	5
83375	5
83393	5
83436	5
83451	5
83455	5
83461	5
83467	5
83487	5
83535	5
83564	5
83571	5
83604	5
83618	5
83629	5
83664	5
83665	18
83690	5
83698	5
83713	5
83731	5
83778	5
83779	5
83803	5
83852	5
83868	5
83869	5
83883	5
83906	5
83909	5
83919	5
83926	5
83938	5
83956	5
83961	5
84013	5
84026	5
84103	15
84153	5
84180	5
84194	5
84229	4
84234	5
84237	5
84242	5
84249	5
84273	5
84298	5
84318	5
84341	5
84348	5
84471	5
84481	5
84496	19
84504	5
84509	5
84512	5
84582	2
84593	5
84662	5
84665	5
84677	5
84722	5
84733	5
84763	5
84764	5
84779	5
84815	5
84877	5
84893	5
84958	5
84974	5
85094	5
85107	5
85114	5
85181	5
85191	5
85254	2
85379	2
85445	5
85605	5
86084	18
86293	5
86345	5
86376	5
86538	2
86561	5
86566	5
86694	19
86783	5
86871	5
86884	5
87324	2
87365	5
87422	5
87451	2
87458	5
87544	5
87688	5
87739	2
87918	2
87968	5
87989	5
88067	2
88076	19
88279	19
88283	3
88324	5
88400	5
88545	19
88559	2
88587	2
88612	5
88671	5
88765	5
88890	3
88902	2
88906	3
89017	3
89081	3
89096	3
89117	2
89129	3
89132	3
89188	3
89234	2
89241	3
89253	3
89289	2
89296	3
89301	3
89377	3
89388	2
89393	3
89398	3
89435	3
89437	3
89537	3
89538	3
89580	3
89583	3
89608	3
89613	3
89627	3
89643	2
89649	3
89707	3
89720	3
89729	3
89753	3
89764	3
89765	3
89769	2
89785	3
89847	3
89849	3
89864	3
89879	3
89897	3
89903	2
89913	2
89945	3
89981	3
89991	3
90038	3
90042	3
90075	2
90111	3
90129	2
90158	3
90167	3
90183	3
90192	3
90300	15
90395	3
90396	3
90526	12
90532	2
90537	2
90544	3
90555	19
90579	2
90628	3
90641	2
90677	3
90689	2
90741	3
90754	3
90770	3
90810	3
90895	3
90898	3
90910	3
90960	3
91052	2
91167	3
91183	3
91193	2
91221	3
91223	3
91313	3
91332	3
91390	3
91427	3
91438	2
91442	3
91474	3
91489	3
91490	3
91499	3
91500	2
91501	3
91503	3
91508	3
91514	3
91527	3
91619	3
91625	4
91671	3
91678	3
91684	3
91739	3
91752	3
91755	3
91780	3
91786	3
91796	3
91850	3
91868	3
91873	3
91893	3
91968	3
91980	3
92046	3
92050	3
92058	3
92088	3
92125	3
92141	3
92147	3
92158	3
92161	3
92162	3
92170	3
92173	3
92188	3
92193	3
92236	3
92266	3
92305	3
92321	3
92329	3
92333	3
92348	3
92364	3
92389	3
92414	2
92421	3
92488	3
92490	3
92494	3
92528	3
92562	3
92592	3
92601	3
92605	3
92610	3
92641	3
92663	3
92670	3
92725	3
92753	3
92758	3
92778	3
92785	3
92786	3
92794	3
92810	3
92816	3
92844	3
92845	3
92881	3
92921	19
92968	3
93000	3
93021	3
93078	3
93079	3
93100	3
93133	3
93144	3
93221	3
93223	19
93224	3
93298	3
93325	3
93345	3
93388	3
93481	3
93521	3
93533	3
93543	3
93598	18
93613	3
93658	3
93696	3
93708	3
93746	3
93788	3
93797	3
93826	3
93842	3
93854	3
93893	3
93902	3
94049	3
94079	3
94145	3
94285	3
94299	3
94323	3
94324	3
94544	3
94552	3
94605	3
94998	3
95270	3
95277	3
95406	3
95533	3
95943	3
96410	3
96435	3
96873	3
96940	3
97040	3
97419	12
97540	3
97785	3
97866	3
98054	3
98093	3
98094	3
98236	3
98270	3
98324	3
98374	3
98427	3
98584	18
98787	3
98832	3
98841	3
98942	14
98976	3
99007	3
99108	3
99186	3
99266	3
99267	3
99268	3
99269	3
99270	3
99271	3
99272	3
99273	3
99274	3
99275	3
99276	3
99277	3
99278	3
99279	3
99280	3
99281	3
99282	3
99283	3
99284	3
99285	3
99286	3
99287	3
99288	3
99289	3
99290	3
99291	3
99292	3
99293	3
99294	3
99295	3
99296	3
99297	3
99298	3
99299	3
99300	3
99301	3
99392	3
99462	3
99475	3
99604	18
99710	3
99792	19
99816	3
99817	3
99862	3
99887	3
99925	3
100003	3
100014	3
100015	3
100080	16
100111	16
100450	16
100465	12
100480	16
100499	16
100625	16
100693	14
100736	3
100767	16
100778	16
101096	16
101190	16
101204	16
101241	16
101282	16
101283	16
101289	16
101345	16
101371	16
101390	16
101392	14
101393	16
101396	19
101397	16
101402	16
101408	16
101440	3
101443	16
101483	16
101489	16
101510	16
101603	16
101640	16
101679	16
101718	16
101790	16
101860	16
101900	12
101937	16
102180	16
102345	16
102409	16
102423	16
102428	2
102430	16
102433	16
102446	16
102477	16
102480	16
102509	16
102515	16
102523	16
102553	16
102576	16
103104	16
103114	16
103220	16
103221	16
103222	16
103223	16
103224	16
103225	16
103226	16
103227	16
103228	16
103229	16
103230	16
103231	16
103232	16
103233	16
103234	16
103235	16
103236	16
103237	16
103238	16
103239	16
103240	16
103241	16
103242	16
103243	16
103244	16
103245	16
103246	16
103247	16
103248	16
103249	16
103250	16
103251	16
103252	16
103253	16
103254	16
103255	16
103285	16
103286	16
103301	10
103362	16
103396	16
103452	16
103557	18
103573	10
103628	16
103635	16
103674	16
103682	16
103908	12
103952	12
104046	12
104240	16
104309	16
104431	16
104479	16
104542	16
104730	12
104935	16
105119	12
105383	16
105496	12
105648	12
106114	16
106400	16
106736	14
106751	14
106753	14
106767	14
106771	14
106811	14
106817	14
106850	14
107010	12
107935	16
110399	12
110529	16
110530	16
110531	1
110535	6
110618	19
110675	9
110713	9
110832	9
110854	9
110905	9
110925	9
110964	19
110972	9
111005	9
111008	9
111040	9
111104	9
111140	9
111150	9
111156	9
111199	9
111217	9
111228	9
111234	9
111250	9
111251	9
111321	9
111323	9
111339	9
111385	9
111402	9
111460	4
111463	9
111482	9
111590	9
111602	4
111619	9
111622	9
111632	4
111649	4
111667	9
111677	9
111687	8
111761	4
111778	4
111783	4
111787	4
111795	4
111801	9
111828	4
111834	8
111869	8
111883	9
111890	4
111903	4
111906	9
111924	8
111928	4
111951	4
111953	4
111954	9
111956	4
111970	4
111987	4
111994	8
111995	4
112004	9
112012	4
112023	4
112042	4
112092	4
112114	4
112115	4
112144	4
112160	4
112166	4
112172	11
112176	4
112177	4
112184	4
112204	4
112209	8
112230	4
112235	4
112243	4
112258	9
112259	4
112266	4
112274	4
112296	19
112301	4
112317	8
112330	4
112342	4
112343	4
112355	4
112356	8
112364	4
112368	4
112370	4
112373	4
112377	8
112395	8
112415	4
112426	4
112431	8
112435	4
112438	4
112440	4
112445	4
112447	8
112455	4
112460	8
112466	4
112477	4
112498	4
112514	4
112522	4
112527	4
112534	4
112540	4
112545	8
112550	8
112553	4
112555	0
112561	4
112565	4
112571	4
112580	4
112603	8
112610	4
112616	8
112624	4
112628	4
112631	4
112635	4
112636	8
112650	4
112655	4
112670	8
112688	8
112724	8
112728	8
112733	4
112737	4
112768	4
112786	4
112791	15
112792	8
112793	8
112794	8
112810	4
112812	8
112823	4
112826	8
112828	8
112835	4
112842	8
112845	4
112848	8
112851	4
112855	8
112883	0
112884	4
112889	4
112892	4
112893	8
112917	4
112921	4
112925	8
112932	4
112937	4
112945	8
112946	8
112949	15
112963	8
112964	4
112983	7
112995	8
113003	4
113005	8
113007	4
113018	4
113021	4
113035	4
113039	4
113042	4
113046	8
113068	8
113077	8
113087	7
113101	8
113102	7
113103	4
113105	8
113121	8
113122	8
113136	8
113148	8
113160	8
113161	7
113166	8
113168	8
113175	7
113177	8
113194	7
113200	8
113201	8
113211	8
113216	4
113219	8
113222	7
113225	8
113246	4
113256	8
113281	8
113294	8
113300	4
113307	4
113308	8
113315	4
113346	8
113366	8
113370	8
113379	19
113387	8
113389	8
113396	8
113399	8
113400	4
113414	8
113415	7
113418	7
113421	8
113468	8
113469	8
113486	8
113491	8
113493	8
113507	8
113513	8
113522	8
113525	8
113529	7
113530	7
113579	7
113580	8
113582	8
113594	7
113595	8
113597	8
113607	8
113608	7
113616	8
113635	8
113636	7
113644	8
113650	7
113657	18
113659	8
113661	15
113678	7
113680	7
113691	4
113695	7
113700	8
113705	11
113707	7
113709	18
113725	8
113726	8
113727	8
113739	7
113745	7
113748	8
113759	8
113760	8
113762	7
113767	8
113774	11
113780	7
113788	8
113798	8
113812	8
113814	7
113819	8
113820	11
113828	7
113829	8
113839	18
113842	8
113844	4
113847	8
113850	7
113851	4
113868	8
113874	11
113879	7
113884	8
113894	8
113895	7
113896	7
113897	8
113899	7
113900	7
113903	8
113904	11
113913	8
113915	8
113924	8
113926	7
113934	11
113935	11
113963	7
113965	7
113966	7
113980	7
113984	7
113989	8
114012	11
114021	7
114025	8
114029	8
114030	8
114039	8
114040	8
114048	8
114063	8
114066	7
114077	7
114079	8
114087	7
114090	8
114103	7
114107	8
114108	8
114116	8
114125	7
114130	11
114144	7
114152	7
114155	8
114159	7
114164	7
114173	7
114179	7
114182	7
114188	7
114198	15
114212	8
114218	7
114223	7
114227	7
114229	7
114231	7
114232	7
114235	7
114254	8
114258	4
114262	8
114265	11
114271	7
114272	7
114278	8
114282	13
114284	8
114286	8
114295	13
114296	7
114299	7
114302	7
114305	7
114310	7
114315	11
114317	8
114322	7
114332	13
114342	7
114347	7
114348	7
114349	7
114355	11
114363	7
114369	7
114372	7
114380	8
114383	7
114393	7
114399	8
114413	8
114416	7
114427	8
114431	11
114432	7
114434	7
114435	7
114439	7
114445	11
114454	7
114455	7
114457	7
114465	11
114467	7
114468	7
114472	7
114474	18
114477	7
114482	7
114485	19
114536	7
114537	7
114538	7
114542	7
114546	7
114557	7
114559	8
114561	7
114579	7
114588	7
114616	8
114619	7
114620	7
114624	11
114627	7
114630	7
114631	7
114633	7
114634	8
114637	7
114644	8
114647	7
114650	11
114652	11
114653	7
114654	7
114660	7
114690	7
114704	7
114710	7
114711	7
114720	7
114725	7
114728	8
114730	7
114738	8
114746	7
114748	7
114752	18
114759	7
114761	7
114767	7
114769	8
114770	7
114775	7
114776	7
114780	7
114781	11
114786	7
114787	11
114790	8
114794	7
114801	7
114804	7
114807	8
114808	11
114826	8
114827	8
114832	7
114833	11
114837	7
114841	7
114845	7
114881	7
114889	7
114890	7
114894	7
114896	7
114898	11
114899	11
114901	11
114905	7
114907	7
114909	11
114911	11
114913	7
114914	11
114915	7
114921	7
114923	7
114924	7
114927	7
114928	7
114931	7
114934	11
114942	7
114943	7
114945	8
114946	7
114947	7
114950	11
114953	7
114957	11
114960	11
114966	11
114968	7
114970	7
114972	7
114976	11
114977	11
114981	7
114984	7
114985	8
114987	11
114988	18
114990	11
114994	13
115000	7
115001	7
115002	11
115003	7
115004	7
115005	7
115007	7
115015	13
115019	7
115021	7
115023	8
115037	11
115045	7
115051	11
115058	7
115062	11
115064	7
115066	11
115070	11
115075	7
115078	7
115080	7
115085	7
115086	8
115093	11
115108	7
115111	11
115114	18
115115	7
115116	11
115118	11
115119	11
115121	11
115136	11
115140	8
115142	7
115144	11
115153	11
115154	13
115156	11
115157	7
115159	11
115161	7
115165	7
115168	13
115169	11
115179	11
115180	7
115184	7
115189	11
115190	7
115192	7
115196	11
115198	7
115204	11
115206	13
115220	4
115227	7
115233	11
115237	11
115241	11
115246	7
115248	11
115252	11
115260	7
115261	11
115264	7
115271	11
115278	11
115279	7
115282	11
115287	7
115288	11
115289	11
115293	7
115294	7
115296	11
115301	7
115304	11
115306	11
115316	7
115322	13
115327	11
115331	11
115335	11
115337	19
115338	7
115340	7
115344	11
115346	7
115347	7
115356	7
115357	13
115362	7
115364	7
115366	11
115370	11
115371	7
115378	11
115382	9
115384	7
115409	11
115418	7
115421	11
115424	11
115428	7
115430	11
115433	11
115435	7
115438	11
115441	11
115442	11
115444	7
115445	7
115450	11
115461	11
115472	18
115473	7
115477	4
115487	11
115490	11
115491	11
115498	11
115501	11
115510	11
115513	7
115514	11
115516	11
115519	11
115520	11
115526	7
115529	11
115533	7
115537	11
115538	11
115544	11
115550	7
115551	11
115554	11
115555	7
115556	7
115559	7
115562	11
115565	11
115571	13
115574	7
115577	11
115585	7
115620	7
115623	7
115627	7
115633	7
115635	11
115636	13
115639	7
115640	7
115642	11
115647	7
115648	11
115649	11
115662	7
115669	13
115670	13
115671	11
115675	11
115677	11
115686	13
115695	11
115696	11
115699	11
115711	13
115713	11
115714	13
115715	11
115724	13
115726	11
115728	11
115735	11
115738	4
115743	7
115744	11
115745	11
115746	11
115747	7
115754	11
115756	11
115758	11
115761	11
115764	11
115766	11
115767	11
115771	11
115772	11
115774	13
115778	11
115779	13
115783	11
115784	11
115786	7
115788	7
115790	11
115801	7
115804	11
115810	11
115811	11
115813	11
115817	11
115827	11
115831	11
115834	11
115841	7
115846	7
115847	11
115860	13
115861	11
115864	11
115871	13
115931	11
115936	11
115943	13
115948	11
115952	13
115960	11
115961	13
115967	11
115973	11
115975	13
115977	13
115978	13
115998	11
116001	11
116004	11
116006	7
116007	11
116015	11
116016	11
116018	11
116020	11
116021	7
116030	7
116031	7
116039	11
116042	11
116043	13
116044	11
116065	11
116067	11
116069	13
116071	7
116076	11
116077	11
116080	11
116082	11
116084	11
116085	11
116090	11
116092	13
116095	13
116097	11
116105	13
116108	11
116110	11
116113	11
116119	11
116121	11
116125	11
116127	7
116131	13
116134	11
116135	7
116136	11
116143	11
116147	13
116148	11
116149	11
116151	11
116158	11
116160	11
116165	13
116167	11
116168	11
116169	7
116170	11
116171	11
116172	11
116173	11
116175	11
116180	7
116183	7
116186	11
116188	13
116189	7
116195	7
116197	11
116203	13
116204	13
116205	13
116207	13
116208	11
116209	13
116211	13
116212	11
116215	11
116221	13
116224	11
116233	13
116238	11
116249	11
116257	13
116259	11
116288	7
116296	13
116297	11
116301	11
116303	13
116309	11
116316	11
116318	13
116321	7
116323	7
116324	13
116327	7
116330	11
116332	13
116338	13
116339	7
116343	11
116352	11
116361	11
116365	11
116367	11
116371	7
116372	13
116376	11
116377	13
116382	11
116383	11
116385	7
116389	13
116392	13
116408	13
116409	11
116411	11
116412	13
116415	7
116417	11
116418	11
116420	11
116421	11
116427	13
116430	11
116436	11
116438	11
116448	13
116450	11
116451	11
116451	7
116456	11
116459	11
116464	13
116466	11
116467	11
116473	13
116493	13
116501	13
116508	7
116513	11
116516	13
116519	11
116520	11
116526	13
116529	11
116536	11
116536	11
116539	11
116542	11
116544	13
116562	18
116572	11
116583	13
116584	11
116587	13
116589	13
116590	11
116592	13
116596	13
116598	11
116599	11
116601	11
116602	11
116608	11
116617	13
116619	13
116623	13
116628	13
116629	13
116635	13
116638	11
116638	11
116641	13
116641	13
116659	13
116665	11
116671	13
116680	13
116680	13
116691	11
116692	13
116693	13
116694	11
116704	13
116708	11
116710	13
116711	13
116712	11
116715	11
116716	13
116718	13
116720	11
116733	11
116734	13
116742	13
116750	13
116751	13
116755	13
116801	11
116801	8
116809	13
116816	13
116822	13
116824	11
116833	13
116834	13
116842	13
116846	11
116849	7
116852	13
116855	13
116855	13
116860	13
116861	13
116873	13
116876	7
116878	13
116879	13
116881	13
116887	13
116888	7
116902	11
116903	11
116906	18
116921	11
116923	13
116925	11
116927	13
116929	13
116930	13
116933	13
116937	13
116941	11
116945	18
116963	11
116966	13
116982	13
116983	13
116994	13
116999	13
117003	13
117003	11
117005	13
117006	13
117015	11
117017	13
117018	13
117027	13
117030	13
117035	13
117036	13
117039	13
117039	13
117042	13
117048	13
117060	13
117075	11
117081	13
117089	19
117098	13
117105	7
117108	13
117143	11
117144	13
117145	13
117148	13
117151	11
117153	13
117154	13
117159	13
117169	11
117172	13
117178	11
117185	13
117189	13
117207	11
117220	11
117228	13
117232	13
117238	13
117265	13
117277	13
117280	13
117283	13
117283	13
117289	13
117304	7
117307	13
117309	11
117322	11
117325	13
117325	13
117331	11
117342	13
117346	13
117346	13
117351	15
117352	13
117391	11
117396	13
117410	13
117412	13
117416	13
117419	13
117424	11
117425	13
117429	13
117438	13
117439	13
117442	13
117446	13
117452	18
117454	13
117464	13
117472	13
117473	7
117485	13
117490	13
117506	13
117511	11
117514	11
117521	11
117523	13
117532	11
117533	11
117536	13
117538	13
117541	11
117545	7
117548	13
117550	13
117551	13
117556	11
117565	13
117566	13
117589	8
117595	13
117597	13
117604	13
117609	11
117624	11
117632	8
117655	13
117660	13
117667	7
117677	13
117680	13
117681	13
117684	13
117686	11
117690	13
117701	13
117708	9
117711	13
117714	13
117716	13
117720	13
117737	13
117738	7
117750	13
117756	13
117759	13
117774	13
117782	7
117791	8
117792	11
117798	13
117800	13
117801	11
117812	13
117830	13
117841	13
117842	13
117843	13
117844	13
117847	13
117872	11
117879	11
117907	13
117916	13
117919	13
117937	13
117943	15
117949	13
117958	8
117961	13
117966	13
117994	18
118003	5
118011	13
118021	19
118024	8
118035	13
118055	13
118066	13
118075	13
118111	13
118116	13
118119	13
118126	13
118132	13
118136	13
118145	13
118148	13
118210	11
118291	5
118292	5
118294	8
118298	19
118316	13
118337	13
118374	5
118409	7
118410	13
118412	7
118458	13
118470	11
118476	18
118481	13
118497	13
118535	13
118647	13
118651	7
118668	13
118683	18
118684	13
118702	7
118708	13
118714	5
118720	7
118726	7
118750	7
118751	13
118756	5
118843	13
118846	7
118919	13
118931	7
118942	18
118952	5
118954	5
118970	13
118996	7
119004	4
119029	7
119037	19
119055	5
119091	7
119117	2
119138	13
119142	7
119142	18
119147	7
119169	5
119193	7
119217	5
119256	8
119283	7
119298	5
119322	5
119409	5
119410	2
119424	7
119430	7
119433	13
119441	2
119501	7
119518	13
119549	5
119720	7
119727	5
119775	5
119778	13
119826	5
119826	7
119840	5
119844	7
119875	13
119879	11
119930	2
119934	5
119935	7
119936	5
119938	7
119959	5
119961	5
119971	5
119998	5
120007	5
120007	5
120022	5
120046	5
120048	7
120067	13
120070	5
120073	5
120076	5
120099	5
120107	5
120113	5
120132	5
120135	5
120144	5
120157	5
120181	5
120184	5
120194	5
120239	5
120245	5
120251	5
120266	5
120278	5
120280	5
120299	5
120304	5
120353	5
120382	5
120395	18
120429	5
120450	5
120450	5
120470	5
120485	5
120489	5
120498	5
120503	5
120591	5
120604	13
120607	5
120608	5
120614	5
120630	5
120634	5
120661	5
120684	5
120696	5
120700	5
120700	5
120703	5
120711	5
120712	5
120715	5
120751	10
120753	5
120784	5
120785	5
120797	5
120824	5
120843	5
120881	5
120886	5
120929	5
121000	5
121007	4
121011	5
121023	5
121024	5
121050	19
121064	5
121121	5
121128	5
121131	5
121136	5
121152	5
121160	5
121197	5
121221	5
121227	2
121237	5
121254	5
121282	5
121285	5
121292	5
121321	5
121344	4
121375	5
121389	5
121390	5
121396	5
121402	4
121408	5
121411	5
121438	5
121441	2
121450	5
121521	5
121601	5
121610	5
121613	5
121648	5
121681	5
121738	5
121744	5
121764	5
121773	5
121778	5
121788	5
121815	5
121833	5
121836	10
121839	5
121868	5
121878	5
121890	5
121902	5
121908	2
121986	3
121989	5
121999	5
122005	5
122016	5
122026	5
122035	5
122047	5
122095	18
122144	5
122205	5
122219	15
122270	5
122311	15
122339	19
122373	5
122459	5
122499	5
122568	5
122598	5
122599	10
122608	5
122651	5
122761	5
122803	5
122844	19
122880	5
122883	5
122953	5
123280	5
123439	10
123818	5
123858	5
123863	19
123870	5
123964	5
124029	5
124030	5
124036	5
124072	5
124117	2
124123	5
124132	5
124219	5
124222	5
124382	5
124399	5
124481	5
124515	5
124536	5
124557	5
124565	3
124581	5
124623	5
124625	5
124704	5
124738	5
124749	3
124762	5
124779	5
124798	5
124809	5
124827	5
124843	5
124860	10
124904	5
124945	5
125126	5
125343	5
125358	5
125404	5
125430	5
125436	5
125569	5
125627	3
125809	3
125845	19
125949	14
125957	19
126084	3
126135	15
126234	2
126245	3
126434	3
126504	3
126508	3
126591	3
126651	3
126715	3
126808	3
126811	3
126814	3
126841	3
126877	3
126923	3
126974	3
127004	3
127106	3
127162	3
127230	2
127266	3
127272	3
127274	3
127305	3
127335	3
127337	3
127349	3
127355	3
127370	3
127410	3
127450	14
127494	3
127519	3
127524	3
127525	3
127552	3
127563	3
127579	3
127582	3
127649	3
127652	3
127673	3
127696	3
127760	3
127781	3
127811	3
127864	3
127894	3
127935	3
127964	3
128059	3
128112	3
128131	3
128143	3
128160	3
128164	3
128188	3
128191	3
128203	3
128206	2
128245	3
128260	3
128313	3
128320	3
128343	14
128393	3
128426	3
128471	3
128504	3
128549	3
128553	19
128563	2
128624	3
128676	3
128676	3
128685	3
128693	3
128782	3
128785	3
128805	3
128812	3
128878	3
128914	3
128922	3
128952	3
129009	15
129010	3
129046	3
129050	3
129071	3
129076	3
129077	3
129085	3
129104	3
129128	3
129133	3
129140	3
129142	3
129143	3
129160	3
129179	3
129188	3
129195	3
129266	3
129269	3
129369	3
129369	3
129380	3
129387	3
129393	3
129416	3
129433	3
129454	3
129457	3
129502	3
129517	3
129574	3
129597	3
129634	3
129636	3
129643	3
129662	3
129674	3
129684	3
129693	3
129728	3
129734	3
129737	3
129752	3
129761	3
129803	3
129824	3
129862	3
129864	3
129916	3
129928	3
129930	3
129945	3
129957	3
129987	3
130026	3
130035	3
130041	3
130053	3
130056	3
130083	3
130115	3
130125	3
130135	3
130147	3
130159	3
130163	3
130167	3
130180	3
130207	3
130222	3
130231	3
130245	3
130269	3
130276	3
130294	3
130320	3
130350	3
130355	3
130393	3
130394	3
130409	3
130436	3
130445	3
130453	3
130463	3
130469	3
130477	3
130478	3
130480	3
130493	3
130532	3
130550	3
130568	3
130661	3
130662	3
130737	3
130800	3
130830	3
131020	3
131025	3
131240	3
131309	3
131402	3
131477	18
131683	3
131776	3
131876	3
131881	3
131943	3
132014	3
132139	3
132161	3
132242	3
132339	3
132352	3
132373	3
132443	3
132564	3
132659	3
132666	3
132725	14
132729	3
132746	3
133043	3
133111	3
133114	3
133164	3
133247	3
133293	3
133464	3
133474	3
133604	3
133642	3
133692	3
133954	2
134067	3
134144	3
134193	3
134446	18
134762	3
135168	3
135169	3
135421	3
135499	3
135633	3
135837	3
135875	3
135922	3
135939	3
136006	3
136207	3
136257	3
136332	3
136367	14
136426	19
136610	3
136645	3
136658	3
136738	3
136783	3
136928	10
136979	3
136987	3
137095	2
137143	3
137318	16
137319	16
137321	16
137322	16
137323	16
137324	16
137325	16
137326	16
137327	16
137328	16
137329	16
137330	16
137331	16
137332	16
137333	16
137334	16
137335	16
137336	16
137337	16
137338	16
137339	16
137340	16
137341	16
137342	16
137343	16
137344	16
137345	16
137346	16
137347	16
137348	16
137349	16
137350	16
137351	16
137352	16
137353	16
137354	16
137414	16
137528	3
137549	3
137589	3
137713	16
137737	16
137739	16
137765	16
137806	16
137829	16
137852	16
137853	16
137880	3
137895	16
137897	16
137922	16
137934	16
137949	16
137976	3
137984	16
137990	16
137992	16
138029	16
138034	16
138055	19
138064	16
138065	16
138066	16
138083	16
138116	16
138162	14
138194	3
138302	3
138330	16
138423	16
138447	16
138698	18
138712	19
138907	16
138909	16
138949	16
138952	16
139061	16
139097	16
139148	16
139150	16
139192	16
139214	16
139223	16
139225	16
139234	16
139239	16
139263	16
139286	16
139291	16
139297	19
139306	16
139332	16
139367	16
139371	16
139409	16
139410	16
139412	16
139422	16
139460	14
139470	16
139485	3
139495	16
139523	16
139524	16
139538	16
139591	16
139618	16
139647	16
139991	16
139995	16
140064	16
140156	16
140159	16
140162	16
140202	16
140218	16
140220	16
140236	16
140301	16
140330	16
140339	16
140385	16
140457	16
140458	16
140630	16
140736	16
140935	16
140936	16
140937	16
140938	16
140939	16
140940	16
140941	16
140942	16
140943	16
140944	16
140945	16
140946	16
140947	16
140948	16
140949	16
140950	16
140951	16
140952	16
140953	16
140954	16
140955	16
140956	16
140957	16
140958	16
140959	16
140960	16
140961	16
140962	16
140963	16
140964	16
140965	16
140966	16
140967	16
140968	16
140969	16
140970	16
140971	16
140972	16
140973	16
140974	16
140975	16
140976	16
140977	16
141005	19
141031	16
141032	16
141079	16
141089	16
141093	16
141106	19
141128	18
141330	14
141347	16
141559	16
141565	16
141602	16
141660	16
141731	16
141794	16
141841	18
141882	16
141940	16
142261	14
142290	16
142334	16
142387	16
142648	16
142736	16
142737	16
142738	16
142756	10
142916	16
143357	16
144127	14
144778	16
145166	16
145293	14
145512	14
145634	16
145797	14
145801	14
145908	14
145935	16
145959	16
146876	14
146998	16
147420	14
147712	16
147826	16
148082	16
148083	16
148313	16
148410	14
148438	14
148507	14
148562	14
